2 afTanh 8
0.1449991717406188
0.24316328110793672
0.3050799709439776
0.3533189658667986
0.34988210370594935
0.2529883430929749
0.24712931743883043
0.2089127333183718
0.19651359926097556
0.192895460926842
2 afTanh 16
0.2520523715928802
0.2563479879005488
0.2925292994728041
0.24930366093150627
0.2255227011167506
0.22676225326202717
0.21757919788979463
0.21461245534318882
0.2215277750502391
0.22244152505444117
2 afTanh 32
0.2388774515732845
0.2308936170939884
0.19449538249356677
0.2027899289002673
0.21266680079574365
0.19321331147513277
0.17837299410131385
0.1734877164993958
0.175380578762715
0.1844768600448981
2 afIdentity 8
0.17575459259740545
0.29120701388847214
0.3745823341528586
0.5064236042855279
0.5900443409504235
0.6843869675352139
0.7503337613148939
0.7935586457764618
0.8178982640251866
0.8424792499793503
2 afIdentity 16
0.26317563342024214
0.3655009555840603
0.46869330670202974
0.5538957907934435
0.5973417623267631
0.661323828784491
0.6976015114757037
0.7254814016379642
0.7519432080948643
0.7712151741912381
2 afIdentity 32
0.31269883505406804
0.47509679372241725
0.5330912932623433
0.5829551027062859
0.6369092560495326
0.6697318930618567
0.7062984443198795
0.7310392582807028
0.7561399262700188
0.7718552811820519
2 afLeakyReLU 8
0.12270366089179428
0.11902828411003667
0.13679977062904658
0.1476292125356083
0.18659307447952703
0.2248502470669035
0.2753957856511976
0.3377079590338657
0.4274239962189432
0.5657042225163208
2 afLeakyReLU 16
0.16761587571266248
0.20360032318746368
0.27235883161730834
0.3443563776233291
0.43777496574169494
0.6118983458191378
0.6945003231190557
0.7570840153510684
0.7949209816869374
0.812826234904359
2 afLeakyReLU 32
0.1097864277829154
0.14336702337510168
0.15371599775658518
0.16818154963537923
0.19789870949801636
0.2122266098194537
0.25367470625654814
0.32528903078951316
0.3552610661741002
0.43546101774001056
3 afTanh 8
0.19121455705897136
0.2861822141069131
0.21335697321382696
0.21331379337955705
0.2486195367270237
0.2589883995720741
0.2679730229850405
0.2730406519375551
0.27385530493716836
0.28432296453112194
3 afTanh 16
0.18146606464453763
0.27942643911240517
0.34057322734617634
0.33771385448088753
0.34437988528487407
0.3692887020202383
0.393756108204412
0.41901283240568954
0.4323797088710124
0.4391841067866493
3 afTanh 32
0.1884081149320721
0.22993596110265435
0.26963983314621376
0.25534790570211663
0.25856524679215837
0.26724615907442106
0.2843013402135718
0.2877611120152446
0.29516757309189334
0.2891449956278532
3 afIdentity 8
0.24660873486339602
0.3695669651274397
0.5817216679382694
0.6776323870104829
0.7392858502119893
0.8059260747012944
0.8665662689594085
0.8943207123982441
0.9119637261529238
0.9213492325014283
3 afIdentity 16
0.28690801807386584
0.39380581126089287
0.500153698402736
0.6030443790458133
0.691474495653376
0.7869691103828549
0.8356435472347598
0.8572431216006512
0.8775058583665775
0.8940409250233579
3 afIdentity 32
0.4300107428578137
0.5398969425416383
0.6323349450046462
0.6881332101641995
0.7163001715281118
0.7417176243583035
0.7683122461110451
0.7958566996412632
0.8201090301402577
0.8395883766879424
3 afLeakyReLU 8
0.11949684712859618
0.13455609461159984
0.2287894497784394
0.3327616269687917
0.5001921162076198
0.6854676701259832
0.7865709121573314
0.8222307437432554
0.8786523129086063
0.8944218956663273
3 afLeakyReLU 16
0.13326727825439733
0.17822787665096396
0.1792531041156205
0.1808658831364281
0.24342789618774816
0.3577318013255077
0.4996716549290712
0.6497373006545126
0.7214756128834309
0.7773627352372436
3 afLeakyReLU 32
0.11699700160239548
0.14913420990728773
0.14747042570199492
0.1444905460626354
0.21332726031403854
0.23017576400250933
0.25565787832000686
0.34061619373894464
0.42268822289794517
0.41130163242937323
4 afTanh 8
0.21633972560758863
0.3603630086800763
0.32487251557225044
0.3551341661042685
0.36710287328439
0.37971171096171097
0.3727615878778273
0.3655065930816286
0.36619590715013006
0.36801926323368406
4 afTanh 16
0.2481800788918417
0.24984599288382353
0.26836373982068457
0.2919503087359221
0.30182530887896136
0.31463743673506206
0.31551423421441216
0.31528312377931506
0.31583324421722714
0.3111889869639196
4 afTanh 32
0.21826685280945074
0.2842900099566134
0.23946164256283087
0.23273918203114174
0.24491517741302266
0.306422821712615
0.3499949958340043
0.37597013390651274
0.3615935327247171
0.3700953024868458
4 afIdentity 8
0.2939304597520995
0.44621165033175664
0.5769808719711841
0.7513880353738698
0.8386810037415552
0.8644145240113041
0.8782546452423452
0.8814362710352918
0.8860704067898578
0.8885681171474639
4 afIdentity 16
0.37228996384844604
0.4779987441481981
0.590071669054979
0.70453889260263
0.7802239095262563
0.8357535212685315
0.864281557342535
0.8793476729781728
0.8804379536969125
0.8817403881928791
4 afIdentity 32
0.404170260861573
0.49289419056930106
0.5586834932701292
0.605220490533486
0.6714932385175827
0.7275985927335378
0.7000111463772115
0.7780328927549904
0.8039796944630966
0.7763562607223586
4 afLeakyReLU 8
0.12596515575984227
0.13202111672509817
0.19470206781724264
0.2635030252521148
0.530649241610341
0.6990781819708977
0.7811752283890869
0.8478589679122187
0.8669288504076043
0.876560627825235
4 afLeakyReLU 16
0.09463533555379683
0.07407772587589409
0.0967090569868448
0.16285608448726419
0.19540828224947868
0.33591031050462195
0.5438338574435511
0.6219393720786792
0.6797175122018905
0.7386326278112958
4 afLeakyReLU 32
0.11356413757051007
0.11103791577913495
0.14990262080623523
0.2060432799342927
0.19710546800763462
0.2935263432065923
0.3115390141860481
0.33448172797765346
0.3428625107862386
0.425112219168267
