2 afTanh 8
0.04012821056051072
0.048837261309259854
0.05425985968325217
0.07120138475421806
0.07245743704792257
0.07170118911660318
0.07912460602278262
0.08075414279931503
0.07238294073543057
0.07221881833556411
2 afTanh 16
0.030357142857142857
0.030357142857142857
0.04641198584697037
0.031311036211217703
0.03369733157369556
0.03753100842275297
0.03788863764838892
0.046513408139977175
0.04289771342206621
0.03926535833414294
2 afTanh 32
0.029808626747402256
0.029005787336961214
0.028138528138528136
0.028138528138528136
0.028138528138528136
0.028138528138528136
0.028138528138528136
0.028138528138528136
0.028138528138528136
0.028138528138528136
2 afIdentity 8
0.06291542677180975
0.05353929696034959
0.05266763378465506
0.07176032230131237
0.07327122889664739
0.0759034514350025
0.07235891221692439
0.07206654006314217
0.07544020605298024
0.07973012936675727
2 afIdentity 16
0.06874852117610455
0.07304050561785705
0.0627113764044944
0.054318654231082876
0.04722459768327762
0.04511787771699666
0.04521717911176183
0.0450758918500854
0.04503402892861165
0.04476339349154469
2 afIdentity 32
0.029648609077598826
0.038574606705863664
0.043147662776007394
0.03194066792163425
0.02587463556851312
0.02587463556851312
0.02587463556851312
0.02587463556851312
0.02587463556851312
0.02587463556851312
2 afLeakyReLU 8
0.04244366974371118
0.04443743687157841
0.044936630881553474
0.043725145472491574
0.062447825541667126
0.056299875405626906
0.05238099884548531
0.05252726926164884
0.0551985175115056
0.06185225366330302
2 afLeakyReLU 16
0.044587421109735785
0.041966179004712736
0.04848869135534415
0.043716388582460006
0.048110281749369224
0.05137362637362638
0.05933995219709505
0.05933848222986413
0.0605475467155795
0.0628485576923077
2 afLeakyReLU 32
0.028138528138528136
0.028138528138528136
0.028138528138528136
0.028138528138528136
0.028138528138528136
0.028138528138528136
0.028138528138528136
0.028138528138528136
0.028138528138528136
0.02826086956521739
3 afTanh 8
0.026526162790697676
0.02664233576642336
0.025330396475770924
0.028827382963546942
0.03198893797097145
0.03194750367107195
0.03187075685189841
0.03477790673137793
0.03176992690567351
0.03171151812817627
3 afTanh 16
0.025547445255474453
0.025547445255474453
0.025547445255474453
0.025547445255474453
0.025547445255474453
0.025547445255474453
0.025547445255474453
0.025547445255474453
0.025547445255474453
0.025547445255474453
3 afTanh 32
0.02587463556851312
0.02587463556851312
0.02587463556851312
0.02587463556851312
0.02587463556851312
0.02587463556851312
0.02587463556851312
0.02587463556851312
0.02587463556851312
0.02587463556851312
3 afIdentity 8
0.03033932672983061
0.03033932672983061
0.03825378366535208
0.043804364500995535
0.04555429268534979
0.04440409275616225
0.04183539209464473
0.055324818500962755
0.051729503901415966
0.05175068797109009
3 afIdentity 16
0.029094827586206896
0.029094827586206896
0.04083643243948588
0.027496382054992767
0.027496382054992767
0.027496382054992767
0.027496382054992767
0.033807283142389524
0.02587463556851312
0.028138528138528136
3 afIdentity 32
0.02587463556851312
0.02587463556851312
0.02587463556851312
0.02587463556851312
0.02587463556851312
0.02587463556851312
0.02587463556851312
0.02587463556851312
0.02587463556851312
0.02587463556851312
3 afLeakyReLU 8
0.030357142857142857
0.025811209439528023
0.03451721966800244
0.041305786542833484
0.04228486160304342
0.04930459010415479
0.059054627802528514
0.0348796263691458
0.028138528138528136
0.028138528138528136
3 afLeakyReLU 16
0.025547445255474453
0.025547445255474453
0.025547445255474453
0.025547445255474453
0.025547445255474453
0.025547445255474453
0.025547445255474453
0.025584795321637425
0.02565982404692082
0.02536764705882353
3 afLeakyReLU 32
0.02587463556851312
0.02587463556851312
0.02587463556851312
0.02587463556851312
0.02587463556851312
0.02587463556851312
0.02587463556851312
0.02587463556851312
0.02587463556851312
0.02587463556851312
4 afTanh 8
0.033143020048387345
0.025547445255474453
0.025547445255474453
0.025547445255474453
0.025547445255474453
0.025547445255474453
0.025547445255474453
0.025547445255474453
0.025547445255474453
0.025547445255474453
4 afTanh 16
0.029094827586206896
0.025547445255474453
0.025547445255474453
0.025547445255474453
0.025547445255474453
0.025547445255474453
0.025547445255474453
0.025547445255474453
0.025547445255474453
0.025547445255474453
4 afTanh 32
0.029094827586206896
0.029094827586206896
0.02587463556851312
0.02587463556851312
0.02587463556851312
0.02587463556851312
0.02587463556851312
0.02587463556851312
0.02587463556851312
0.02587463556851312
4 afIdentity 8
0.027496382054992767
0.027496382054992767
0.027496382054992767
0.027496382054992767
0.027496382054992767
0.025547445255474453
0.025547445255474453
0.025547445255474453
0.025547445255474453
0.025547445255474453
4 afIdentity 16
0.027496382054992767
0.025547445255474453
0.025547445255474453
0.025547445255474453
0.025547445255474453
0.025547445255474453
0.025547445255474453
0.025547445255474453
0.025547445255474453
0.025547445255474453
4 afIdentity 32
0.025547445255474453
0.025547445255474453
0.025547445255474453
0.025547445255474453
0.025547445255474453
0.025547445255474453
0.025547445255474453
0.025547445255474453
0.025547445255474453
0.025547445255474453
4 afLeakyReLU 8
0.03136081560283688
0.025547445255474453
0.025547445255474453
0.025547445255474453
0.025547445255474453
0.025622254758418738
0.025480059084194977
0.03119969737943468
0.0336331593884464
0.0368420679484998
4 afLeakyReLU 16
0.029094827586206896
0.029094827586206896
0.029094827586206896
0.029094827586206896
0.029094827586206896
0.025547445255474453
0.025547445255474453
0.025547445255474453
0.025547445255474453
0.025547445255474453
4 afLeakyReLU 32
0.027496382054992767
0.027496382054992767
0.02587463556851312
0.02587463556851312
0.02587463556851312
0.02587463556851312
0.02587463556851312
0.02587463556851312
0.02587463556851312
0.02587463556851312
