20062333
20074031
20088083
400264218
20082924
400214281
400355456
20093767
20087312
400085461
400355455
20061822
20065589
20061826
20040495
400205100
20088082
20042091
20093764
20084422
400085386
400264219
20072481
400466196
20093773
20082926
20078449
400085166
400287967
20093770
400000387
20042088
400320817
20069946
20084405
400432798
400301805
20061245
400102164
20075376
400432800
400264217
20076333
400477572
400301815
400320803
20042087
400102165
20076332
400085385
400113845
400477575
400376534
20087248
400423149
400409392
20084406
20087646
400376541
400297028
20093769
400156459
400320797
400376537
20056216
20056260
400080366
20025595
20065787
400409608
20093768
20030596
400085168
20062801
20056218
20075377
20075379
20061239
400404404
20057603
20069136
400320772
20093771
400427858
400245144
400113797
400429093
400409404
20057601
20084403
20065048
20087647
20030383
20075381
20067584
20093772
400201057
20087685
20056219
400085455
20075378
20067583
20075380
400466199
20093241
20067586
20056217
400149316
20076974
20093760
400329696
20075375
20030381
400466232
400404371
400156463
20093219
20030386
20056263
400329695
20093765
20075374
20093763
20030384
400396766
400395269
20067587
400367944
400409480
20056266
400440663
20030382
20067588
400409485
20093766
400454360
20056262
400132200
20074468
20056264
20056265
400405507
20093761
400423132
4203366
400355538
4203443
4004337
4203364
4203394
4203474
4203407
400430068
4203448
400330483
4203458
400288170
400421454
4203432
4203449
400445468
4203369
400430069
400295430
400025596
4203442
400177140
400238675
4203376
400282930
4203452
4203412
400335172
400438198
4203469
400001639
4203372
4203371
4203380
400238674
400160306
4201714
400068169
4201718
400203276
400096157
4201864
400000491
400160309
400160292
4205640
4197060
400238673
4201866
4203418
4203424
400337673
4203471
4201386
400337582
400249779
400160339
400000506
400160297
400328137
4201693
4203387
400001674
400144793
400475115
4201541
4201713
4201925
4201711
4207377
400160299
4001778
4197743
400078271
4208511
400272775
400001073
400001644
400000658
4201717
4203396
400075440
400000558
400292257
400001645
400254213
400181975
4201135
400271521
400144754
400270057
400000488
4196975
400421352
400144790
400144801
4201852
400292246
400038171
4205638
400337649
400065312
4207457
400192973
4201716
400302408
400001672
4211252
400393937
4197053
4204960
400225345
4197061
400292244
400000481
400181968
400001635
400052467
400394549
4201715
4201865
400021262
400425959
4203393
400189654
400001654
4197739
4207389
400292249
400001646
400093106
400001648
400292245
400160294
400000482
400404525
400088503
4214393
400425917
400195681
400053384
400001662
400374379
400340392
400476990
400407697
400407689
400422528
400407334
400410701
400000484
400292250
400088663
400292255
400308676
400292254
400365020
400468755
400046312
400144852
400036391
400036102
400292317
400407670
400425952
400480421
400410704
400292248
400404523
4201878
400215744
400292247
400292253
400407711
400402148
400245029
400452640
400425851
400292256
400476160
400245018
400459708
400475125
400461120
400249780
400057361
400343299
400479095
400428498
400405676
400478505
400407319
4196978
400407336
400369095
400431193
400437847
400470007
400425960
400405281
400163856
400078151
400378003
400479157
400475567
4207465
400478500
400456772
400478896
400288746
400230002
400434081
400410303
400245028
400479706
400312069
400056389
400331818
400378565
400393107
400425908
400229450
400428533
400478936
400180028
400425850
400394463
400144767
400425948
400425843
400144844
400258733
400461246
400425903
400144819
400075444
400462301
400358931
400056390
400410487
400461204
400021450
400144811
400463891
400477353
400269873
400032563
400298163
400306479
400245026
400203235
400203225
400272652
400457780
400463954
400245030
400439105
400068152
400411375
400422543
400300700
400479147
4204109
400456701
400476169
400478512
400469208
400459723
400406306
400058326
400426716
400321448
400036095
400459689
400420751
400469205
400215755
400059154
400478507
400420769
400423099
400478973
400406694
400393927
400300983
400472042
400391607
400405674
400042953
400245027
400452647
400467283
4197050
400144759
400458376
400420721
400479899
400245007
400459341
400038999
400475152
400478962
400406262
400433958
400387331
400329942
400329954
400144831
400425958
400421634
400181254
400396410
400405484
400343301
400348515
400306478
400306487
400456773
400475682
400458902
400144799
400459733
400478951
400028429
400144794
4201136
400475155
4203472
400462269
400025183
400144779
400116496
4203373
400305294
400433953
4203408
400462296
400387889
4201880
4201529
400241999
4203368
400459730
4201540
400003306
400245024
400061005
4201926
4203415
400460546
4206741
400068165
400160304
4203433
400240908
400192525
400215743
4201712
400078270
400192950
4214390
400144805
400159865
400001636
400238815
400144826
4201879
400001682
400036070
400189809
400156423
400078143
400181967
400220693
400183883
400159873
400192976
400059614
4004315
400039072
400160293
4201445
400272793
4204102
400160303
4206829
400144784
4206738
4196969
400272669
400109841
400001652
400271523
400274245
4004317
400001634
400160295
400070870
4202699
400256685
400395590
400062638
400220460
400076098
400001641
400216500
4205475
4197057
400398274
400036058
400042973
400070877
400190728
400135812
400144800
400001657
400000665
400245022
400159825
400062107
400398369
400393779
400001067
400058000
400403528
400001683
4201524
400070860
400109840
4198320
400021409
400070858
400237211
400288736
400216523
400288735
400387778
400359032
400270965
400416044
400393940
400422817
4080901
400404522
400375874
400404524
400422354
400422350
4198335
400422352
400422353
4214389
400404527
400001669
400426097
400366150
400229445
400282928
400426139
4206820
400456763
400456704
400352878
400292251
4198343
400306476
400088671
400068142
400245016
400093107
400245010
400351914
400245011
400068147
400329919
400288686
400364674
400351837
400042927
400245014
400288726
400288676
400216587
400343302
400297382
400070872
400109839
400288693
400329958
400245009
400245023
400458845
400329917
400068132
400288679
400329908
400343303
400075431
400329964
400288737
400329960
400288730
4200241
400375366
400216526
400216512
400001070
400001647
400329948
400298592
400216502
400306480
400379084
400001667
400245017
400042971
400343300
400360911
400329953
400358923
400358935
400391673
400391656
400288731
400406175
400358937
400297709
400228696
400236330
400245019
400358922
400001076
400306475
400270957
400245008
400245015
400001651
400359399
400381733
400411371
400144809
400229984
400272208
400181956
400288705
400434877
400269779
400352625
400366149
400220198
400455666
400434857
400437925
400039052
400272801
4204083
400434804
400207877
400438030
400245006
400089593
400425911
400181971
400404737
400089604
400437970
400421662
400421631
400411362
400181976
400036083
400431201
400348514
400430121
400410045
400144840
400220652
400057586
400075438
400042932
400181959
400189812
400058699
400144766
400144782
400181957
4206706
400144785
400058684
400075435
400056849
400181647
400144851
400059598
400078156
400181167
400039063
400056391
400189804
400185846
400144833
400144806
400038080
4206755
400054232
400116474
400054228
400144848
400039013
4207258
400116500
400443409
400216537
400144807
400433934
400297692
400441434
400288680
400440565
400434071
400434294
400001676
400233631
400339972
4207504
400288710
400245013
400463956
400405469
400459704
400460363
400216524
400181977
400001072
400181969
4198306
400288662
400058868
400460536
400459714
400075423
400459434
400288732
400463862
400459144
400459728
400136096
400425905
4181363
400425899
400352621
400469098
400040503
400438190
400412264
400418792
400470021
400411368
400439022
400459669
400167172
400404702
400411393
400236332
400460502
400469177
400470037
400467279
400068163
400470022
400233639
400470016
400309364
400288734
400467029
400469209
400456706
400229413
400470039
400070868
400470023
400312068
400288664
400272267
400473624
400288742
400469212
400269670
400269816
400230023
400452540
400078273
400473622
400382962
400297125
400382948
400473883
400465361
400216597
400358013
400425915
400238825
400473629
4196977
400460523
400473620
400233647
400288665
400428152
400434813
400072146
400116479
400376218
400379251
400181962
400462277
400473619
400473615
400460365
400068158
400286653
400487616
400443415
400480378
400068137
400309232
4204081
400478972
400362039
400472048
400068160
400245025
400481140
400360076
400116476
400391610
400479089
400404741
4206715
400001075
400070885
4197758
400430611
400405433
400487618
400411384
400042961
400476991
400487617
400470006
400306481
400441194
400070886
400116475
400096723
400481596
400473699
400460768
400039067
400348516
400478503
400473889
400425910
400469200
400476158
400407335
400481242
400479729
400425867
400358012
400476162
400472054
400479700
400325358
400478516
400481415
400480888
400475215
400042942
400481425
400340453
400479702
400481864
4205074
400479703
400481861
400476171
400306477
400480381
400353243
400393933
400216589
400245020
400489588
400490718
400490629
400490630
400489765
400492223
400181964
400475694
400144824
400489766
400460520
400489752
400377612
400489593
400490610
400490638
400489795
400475211
400366148
400216549
400492188
400489769
400489794
400411602
400490602
400490578
400490751
400456762
400478954
400027763
400425896
400400109
400490633
400460539
400444196
400421502
400493288
400459176
20077737
400144810
400493291
400493287
400460504
400264345
20056261
20065788
20093762
400421302
400493286
400478515
400410068
400493289
400493290
400475751
400135548
400329951
400272196
20065790
400460544
20053703
400177837
400261132
400493292
20073087
400062233
400102758
400481374
400493723
20073942
20083693
400266182
400395268
400404408
400177836
400271514
400396765
400466234
400349355
400382183
400302405
400257879
400160305
400406815
4197756
400409148
400407113
400230522
400317414
4211255
400264855
400337551
4211254
400120643
400267573
400356780
400147256
400256401
20070388
20079902
400078163
400456761
400411637
400267599
